%%MatrixMarket matrix coordinate real symmetric
50 50 301
1 1 1
2 1 .999000999000999
2 2 1
3 1 .999000999000999
3 2 .999000999000999
3 3 1
4 1 .999000999000999
4 2 .999000999000999
4 3 .999000999000999
4 4 1
5 1 .999000999000999
5 2 .999000999000999
5 3 1
5 4 .999000999000999
5 5 1
6 1 .999000999000999
6 2 .999000999000999
6 3 .999000999000999
6 4 .999000999000999
6 5 .999000999000999
6 6 1
7 1 .999000999000999
7 2 .999000999000999
7 3 1
7 4 .999000999000999
7 5 1
7 6 .999000999000999
7 7 1
8 1 .999000999000999
8 2 .999000999000999
8 3 1
8 4 .999000999000999
8 5 1
8 6 .999000999000999
8 7 1
8 8 1
9 1 .999000999000999
9 2 .999000999000999
9 3 1
9 4 .999000999000999
9 5 1
9 6 .999000999000999
9 7 1
9 8 1
9 9 1
10 1 .999000999000999
10 2 .999000999000999
10 3 .999000999000999
10 4 .999000999000999
10 5 .999000999000999
10 6 .999000999000999
10 7 .999000999000999
10 8 .999000999000999
10 9 .999000999000999
10 10 1
11 1 .999000999000999
11 2 .999000999000999
11 3 1
11 4 .999000999000999
11 5 1
11 6 .999000999000999
11 7 1
11 8 1
11 9 1
11 10 .999000999000999
11 11 1
12 1 .999000999000999
12 2 .999000999000999
12 3 .999000999000999
12 4 .999000999000999
12 5 .999000999000999
12 6 .999000999000999
12 7 .999000999000999
12 8 .999000999000999
12 9 .999000999000999
12 10 .999000999000999
12 11 .999000999000999
12 12 1
13 1 .999000999000999
13 2 .999000999000999
13 3 .999000999000999
13 4 .999000999000999
13 5 .999000999000999
13 6 .999000999000999
13 7 .999000999000999
13 8 .999000999000999
13 9 .999000999000999
13 10 .999000999000999
13 11 .999000999000999
13 12 .999000999000999
13 13 1
14 1 .999000999000999
14 2 .999000999000999
14 3 .999000999000999
14 4 .999000999000999
14 5 .999000999000999
14 6 .999000999000999
14 7 .999000999000999
14 8 .999000999000999
14 9 .999000999000999
14 10 .999000999000999
14 11 .999000999000999
14 12 .999000999000999
14 13 .999000999000999
14 14 1
15 15 1
16 15 .999000999000999
16 16 1
17 3 .000999000999000999
17 5 .000999000999000999
17 7 .000999000999000999
17 8 .000999000999000999
17 9 .000999000999000999
17 11 .000999000999000999
17 15 .999000999000999
17 16 .999000999000999
17 17 1
18 1 .000999000999000999
18 15 .999000999000999
18 16 .999000999000999
18 17 .999000999000999
18 18 1
19 15 .999000999000999
19 16 .999000999000999
19 17 .999000999000999
19 18 .999000999000999
19 19 1
20 20 1
21 21 1
22 22 1
23 23 1
24 10 .000999000999000999
24 24 1
25 25 1
26 16 .000999000999000999
26 26 1
27 27 1
28 28 1
29 21 .000999000999000999
29 28 .999000999000999
29 29 1
30 28 1
30 29 .999000999000999
30 30 1
31 28 .999000999000999
31 29 .999000999000999
31 30 .999000999000999
31 31 1
32 28 .999000999000999
32 29 .999000999000999
32 30 .999000999000999
32 31 .999000999000999
32 32 1
33 28 .999000999000999
33 29 .999000999000999
33 30 .999000999000999
33 31 .999000999000999
33 32 .999000999000999
33 33 1
34 15 .000999000999000999
34 28 .999000999000999
34 29 .999000999000999
34 30 .999000999000999
34 31 .999000999000999
34 32 .999000999000999
34 33 .999000999000999
34 34 1
35 28 .999000999000999
35 29 .999000999000999
35 30 .999000999000999
35 31 .999000999000999
35 32 .999000999000999
35 33 .999000999000999
35 34 .999000999000999
35 35 1
36 36 1
37 36 .999000999000999
37 37 1
38 36 .999000999000999
38 37 .999000999000999
38 38 1
39 1 .000999000999000999
39 18 .000999000999000999
39 36 .999000999000999
39 37 .999000999000999
39 38 .999000999000999
39 39 1
40 36 .999000999000999
40 37 .999000999000999
40 38 .999000999000999
40 39 .999000999000999
40 40 1
41 36 .999000999000999
41 37 .999000999000999
41 38 .999000999000999
41 39 .999000999000999
41 40 .999000999000999
41 41 1
42 1 .000999000999000999
42 18 .000999000999000999
42 36 .999000999000999
42 37 .999000999000999
42 38 .999000999000999
42 39 1
42 40 .999000999000999
42 41 .999000999000999
42 42 1
43 35 .000999000999000999
43 36 .999000999000999
43 37 .999000999000999
43 38 .999000999000999
43 39 .999000999000999
43 40 .999000999000999
43 41 .999000999000999
43 42 .999000999000999
43 43 1
44 36 .999000999000999
44 37 .999000999000999
44 38 1
44 39 .999000999000999
44 40 .999000999000999
44 41 .999000999000999
44 42 .999000999000999
44 43 .999000999000999
44 44 1
45 36 .999000999000999
45 37 1
45 38 .999000999000999
45 39 .999000999000999
45 40 .999000999000999
45 41 .999000999000999
45 42 .999000999000999
45 43 .999000999000999
45 44 .999000999000999
45 45 1
46 20 .000999000999000999
46 36 .999000999000999
46 37 .999000999000999
46 38 .999000999000999
46 39 .999000999000999
46 40 .999000999000999
46 41 .999000999000999
46 42 .999000999000999
46 43 .999000999000999
46 44 .999000999000999
46 45 .999000999000999
46 46 1
47 36 .999000999000999
47 37 1
47 38 .999000999000999
47 39 .999000999000999
47 40 .999000999000999
47 41 .999000999000999
47 42 .999000999000999
47 43 .999000999000999
47 44 .999000999000999
47 45 1
47 46 .999000999000999
47 47 1
48 36 .999000999000999
48 37 .999000999000999
48 38 .999000999000999
48 39 .999000999000999
48 40 .999000999000999
48 41 .999000999000999
48 42 .999000999000999
48 43 .999000999000999
48 44 .999000999000999
48 45 .999000999000999
48 46 .999000999000999
48 47 .999000999000999
48 48 1
49 36 .999000999000999
49 37 1
49 38 .999000999000999
49 39 .999000999000999
49 40 .999000999000999
49 41 .999000999000999
49 42 .999000999000999
49 43 .999000999000999
49 44 .999000999000999
49 45 1
49 46 .999000999000999
49 47 1
49 48 .999000999000999
49 49 1
50 36 .999000999000999
50 37 .999000999000999
50 38 .999000999000999
50 39 .999000999000999
50 40 .999000999000999
50 41 .999000999000999
50 42 .999000999000999
50 43 .999000999000999
50 44 .999000999000999
50 45 .999000999000999
50 46 .999000999000999
50 47 .999000999000999
50 48 .999000999000999
50 49 .999000999000999
50 50 1
