%%MatrixMarket matrix coordinate real symmetric
50 50 318
1 1 1
2 1 .98
2 2 1
3 1 .98
3 2 1
3 3 1
4 1 1
4 2 .98
4 3 .98
4 4 1
5 1 .99
5 2 .99
5 3 .99
5 4 .99
5 5 1
6 1 1
6 2 .98
6 3 .98
6 4 1
6 5 .99
6 6 1
7 1 1
7 2 .98
7 3 .98
7 4 1
7 5 .99
7 6 1
7 7 1
8 1 .99
8 2 .99
8 3 .99
8 4 .99
8 5 .98
8 6 .99
8 7 .99
8 8 1
9 1 .98
9 2 1
9 3 1
9 4 .98
9 5 .99
9 6 .98
9 7 .98
9 8 .99
9 9 1
10 1 .98
10 2 1
10 3 1
10 4 .98
10 5 .99
10 6 .98
10 7 .98
10 8 .99
10 9 1
10 10 1
11 1 .99
11 2 .99
11 3 .99
11 4 .99
11 5 .98
11 6 .99
11 7 .99
11 8 1
11 9 .99
11 10 .99
11 11 1
12 1 .98
12 2 1
12 3 1
12 4 .98
12 5 .99
12 6 .98
12 7 .98
12 8 .99
12 9 1
12 10 1
12 11 .99
12 12 1
13 1 .98
13 2 1
13 3 1
13 4 .98
13 5 .99
13 6 .98
13 7 .98
13 8 .99
13 9 1
13 10 1
13 11 .99
13 12 1
13 13 1
14 1 1
14 2 .98
14 3 .98
14 4 1
14 5 .99
14 6 1
14 7 1
14 8 .99
14 9 .98
14 10 .98
14 11 .99
14 12 .98
14 13 .98
14 14 1
15 15 1
16 15 .5199999999999999
16 16 1
17 15 .46
17 16 .47000000000000003
17 17 1
18 15 .46
18 16 .45
18 17 .4899999999999999
18 18 1
19 15 .47000000000000003
19 16 .4800000000000001
19 17 .49000000000000016
19 18 .45999999999999996
19 19 1
20 20 1
21 20 .7100000000000003
21 21 1
22 20 .7000000000000004
22 21 .7000000000000004
22 22 1
23 20 .7000000000000004
23 21 .7000000000000004
23 22 .7100000000000003
23 23 1
24 16 .009999999999999998
24 20 .7100000000000003
24 21 .7000000000000004
24 22 .7100000000000003
24 23 .7000000000000004
24 24 1
25 20 .7100000000000003
25 21 .7100000000000003
25 22 .7000000000000004
25 23 .7000000000000004
25 24 .7100000000000003
25 25 1
26 20 .7100000000000003
26 21 .7100000000000003
26 22 .7100000000000003
26 23 .7000000000000004
26 24 .72
26 25 .7100000000000003
26 26 1
27 20 .7100000000000003
27 21 .7000000000000004
27 22 .72
27 23 .7000000000000004
27 24 .72
27 25 .7100000000000003
27 26 .7100000000000003
27 27 1
28 15 .009999999999999998
28 18 .019999999999999997
28 28 1
29 19 .019999999999999997
29 26 .009999999999999998
29 28 .7999999999999997
29 29 1
30 28 .81
30 29 .8099999999999994
30 30 1
31 28 .81
31 29 .8000000000000002
31 30 .7999999999999997
31 31 1
32 28 .81
32 29 .7999999999999997
32 30 .81
32 31 .8
32 32 1
33 28 .8199999999999997
33 29 .7899999999999998
33 30 .81
33 31 .8199999999999993
33 32 .8000000000000002
33 33 1
34 28 .7999999999999997
34 29 .8199999999999997
34 30 .8099999999999997
34 31 .83
34 32 .7999999999999997
34 33 .8199999999999993
34 34 1
35 17 .009999999999999998
35 28 .81
35 29 .7999999999999997
35 30 .81
35 31 .8
35 32 .83
35 33 .8199999999999997
35 34 .7899999999999998
35 35 1
36 36 1
37 36 .97
37 37 1
38 36 .98
38 37 .97
38 38 1
39 36 .9599999999999999
39 37 .97
39 38 .98
39 39 1
40 36 .98
40 37 .97
40 38 .98
40 39 .98
40 40 1
41 36 1
41 37 .97
41 38 .98
41 39 .9599999999999999
41 40 .98
41 41 1
42 36 .97
42 37 .98
42 38 .9499999999999998
42 39 .97
42 40 .97
42 41 .97
42 42 1
43 36 .97
43 37 .9599999999999999
43 38 .97
43 39 .97
43 40 .97
43 41 .97
43 42 .98
43 43 1
44 36 .9599999999999997
44 37 .9699999999999998
44 38 .9599999999999997
44 39 .98
44 40 .9599999999999997
44 41 .9599999999999997
44 42 .99
44 43 .99
44 44 1
45 36 .9599999999999997
45 37 .99
45 38 .98
45 39 .98
45 40 .9599999999999997
45 41 .9599999999999997
45 42 .9699999999999998
45 43 .9699999999999998
45 44 .98
45 45 1
46 36 .97
46 37 .9599999999999999
46 38 .97
46 39 .97
46 40 .97
46 41 .97
46 42 .98
46 43 1
46 44 .99
46 45 .9699999999999998
46 46 1
47 36 .99
47 37 .9599999999999997
47 38 .9699999999999998
47 39 .9699999999999998
47 40 .99
47 41 .99
47 42 .98
47 43 .98
47 44 .97
47 45 .9499999999999998
47 46 .98
47 47 1
48 36 .99
48 37 .98
48 38 .9699999999999998
48 39 .9699999999999998
48 40 .9699999999999998
48 41 .99
48 42 .98
48 43 .9599999999999997
48 44 .97
48 45 .97
48 46 .9599999999999997
48 47 .98
48 48 1
49 36 .97
49 37 .98
49 38 .99
49 39 .97
49 40 .97
49 41 .97
49 42 .9599999999999999
49 43 .98
49 44 .9699999999999998
49 45 .99
49 46 .98
49 47 .9599999999999997
49 48 .9599999999999997
49 49 1
50 36 .9599999999999999
50 37 .97
50 38 .98
50 39 1
50 40 .98
50 41 .9599999999999999
50 42 .97
50 43 .97
50 44 .98
50 45 .98
50 46 .97
50 47 .9699999999999998
50 48 .9699999999999998
50 49 .97
50 50 1
