%%MatrixMarket matrix coordinate real symmetric
50 50 322
1 1 1
2 1 .7999999999999997
2 2 1
3 1 .8333333333333334
3 2 .8999999999999997
3 3 1
4 1 .8666666666666665
4 2 .7666666666666666
4 3 .7999999999999997
4 4 1
5 1 .7666666666666664
5 2 .7
5 3 .7
5 4 .7666666666666664
5 5 1
6 1 .7333333333333333
6 2 .7333333333333336
6 3 .7
6 4 .7333333333333333
6 5 .7
6 6 1
7 1 .8666666666666665
7 2 .8333333333333334
7 3 .8333333333333334
7 4 .8333333333333334
7 5 .7666666666666664
7 6 .7666666666666666
7 7 1
8 1 .8666666666666665
8 2 .8666666666666668
8 3 .8999999999999999
8 4 .8666666666666665
8 5 .7666666666666664
8 6 .7333333333333336
8 7 .8666666666666665
8 8 1
9 1 .8666666666666665
9 2 .8666666666666668
9 3 .8999999999999999
9 4 .8333333333333334
9 5 .7333333333333333
9 6 .7333333333333336
9 7 .8666666666666665
9 8 .9333333333333331
9 9 1
10 1 .7333333333333333
10 2 .7666666666666666
10 3 .7666666666666666
10 4 .7333333333333333
10 5 .7
10 6 .7
10 7 .7666666666666666
10 8 .7999999999999997
10 9 .8333333333333334
10 10 1
11 1 .7666666666666666
11 2 .7333333333333333
11 3 .7666666666666666
11 4 .7666666666666666
11 5 .7666666666666664
11 6 .7333333333333333
11 7 .7333333333333333
11 8 .7999999999999997
11 9 .7999999999999997
11 10 .7999999999999997
11 11 1
12 1 .7
12 2 .7
12 3 .7
12 4 .6666666666666666
12 5 .7999999999999997
12 6 .7666666666666664
12 7 .7
12 8 .7333333333333333
12 9 .7333333333333333
12 10 .6666666666666666
12 11 .7666666666666664
12 12 1
13 1 .7333333333333333
13 2 .7333333333333333
13 3 .7999999999999997
13 4 .7333333333333333
13 5 .7
13 6 .7333333333333336
13 7 .7333333333333336
13 8 .7999999999999997
13 9 .8333333333333334
13 10 .7999999999999997
13 11 .7999999999999997
13 12 .7333333333333333
13 13 1
14 1 .8666666666666665
14 2 .7666666666666666
14 3 .7999999999999997
14 4 .8666666666666665
14 5 .8
14 6 .7333333333333333
14 7 .8333333333333334
14 8 .8333333333333334
14 9 .8666666666666665
14 10 .7999999999999997
14 11 .7999999999999997
14 12 .7
14 13 .7666666666666666
14 14 1
15 15 1
16 15 .3
16 16 1
17 15 .13333333333333333
17 16 .16666666666666666
17 17 1
18 15 .2
18 16 .3
18 17 .2
18 18 1
19 15 .3333333333333333
19 16 .3666666666666668
19 17 .2333333333333334
19 18 .3333333333333333
19 19 1
20 18 .03333333333333333
20 20 1
21 15 .03333333333333333
21 20 .16666666666666666
21 21 1
22 20 .13333333333333333
22 21 .13333333333333333
22 22 1
23 20 .16666666666666666
23 21 .23333333333333328
23 22 .2
23 23 1
24 16 .03333333333333333
24 17 .03333333333333333
24 20 .2333333333333334
24 21 .16666666666666666
24 22 .16666666666666666
24 23 .2333333333333334
24 24 1
25 20 .2333333333333334
25 21 .2666666666666667
25 22 .16666666666666663
25 23 .2
25 24 .26666666666666666
25 25 1
26 16 .03333333333333333
26 20 .2333333333333334
26 21 .23333333333333328
26 22 .2
26 23 .26666666666666666
26 24 .3
26 25 .26666666666666666
26 26 1
27 20 .2333333333333334
27 21 .19999999999999998
27 22 .16666666666666666
27 23 .23333333333333328
27 24 .2666666666666667
27 25 .3
27 26 .3333333333333333
27 27 1
28 15 .03333333333333333
28 28 1
29 26 .03333333333333333
29 28 .6333333333333332
29 29 1
30 28 .5333333333333334
30 29 .6666666666666664
30 30 1
31 28 .5666666666666667
31 29 .6333333333333332
31 30 .5333333333333334
31 31 1
32 28 .5
32 29 .5666666666666667
32 30 .5333333333333334
32 31 .6333333333333332
32 32 1
33 28 .5
33 29 .5333333333333334
33 30 .5
33 31 .5666666666666667
33 32 .6333333333333332
33 33 1
34 28 .5333333333333333
34 29 .6666666666666664
34 30 .6
34 31 .7666666666666666
34 32 .5666666666666667
34 33 .5
34 34 1
35 18 .03333333333333333
35 28 .5333333333333334
35 29 .6
35 30 .5666666666666667
35 31 .5666666666666667
35 32 .6
35 33 .6
35 34 .5333333333333331
35 35 1
36 36 1
37 36 .7666666666666666
37 37 1
38 36 .7666666666666666
38 37 .8000000000000003
38 38 1
39 36 .7000000000000001
39 37 .6666666666666665
39 38 .666666666666667
39 39 1
40 36 .8333333333333334
40 37 .7666666666666666
40 38 .7666666666666666
40 39 .7666666666666666
40 40 1
41 36 .8333333333333334
41 37 .7666666666666666
41 38 .8333333333333334
41 39 .7333333333333336
41 40 .8333333333333334
41 41 1
42 36 .8000000000000003
42 37 .7000000000000001
42 38 .7000000000000001
42 39 .7000000000000001
42 40 .8000000000000003
42 41 .7666666666666666
42 42 1
43 36 .7333333333333333
43 37 .7
43 38 .7666666666666669
43 39 .7
43 40 .7999999999999998
43 41 .7999999999999998
43 42 .7666666666666669
43 43 1
44 17 .03333333333333333
44 36 .7666666666666666
44 37 .7333333333333336
44 38 .8000000000000003
44 39 .7000000000000001
44 40 .8333333333333334
44 41 .7666666666666666
44 42 .7666666666666666
44 43 .7999999999999998
44 44 1
45 36 .8666666666666668
45 37 .7666666666666666
45 38 .7333333333333336
45 39 .7000000000000001
45 40 .8000000000000003
45 41 .8000000000000003
45 42 .7666666666666666
45 43 .7000000000000001
45 44 .7333333333333336
45 45 1
46 36 .7666666666666669
46 37 .7
46 38 .8
46 39 .7333333333333333
46 40 .8333333333333335
46 41 .8333333333333335
46 42 .7666666666666669
46 43 .8666666666666665
46 44 .7999999999999998
46 45 .7333333333333333
46 46 1
47 36 .666666666666667
47 37 .8666666666666668
47 38 .7333333333333336
47 39 .7
47 40 .7333333333333336
47 41 .7
47 42 .7000000000000001
47 43 .7
47 44 .7000000000000001
47 45 .666666666666667
47 46 .7
47 47 1
48 19 .03333333333333333
48 36 .8666666666666668
48 37 .7999999999999997
48 38 .8000000000000003
48 39 .7333333333333336
48 40 .8666666666666668
48 41 .8666666666666668
48 42 .7666666666666666
48 43 .7666666666666669
48 44 .8000000000000003
48 45 .8333333333333334
48 46 .8
48 47 .7
48 48 1
49 36 .7666666666666666
49 37 .7666666666666666
49 38 .7666666666666666
49 39 .7333333333333336
49 40 .7666666666666666
49 41 .8333333333333334
49 42 .7333333333333336
49 43 .7666666666666669
49 44 .7666666666666666
49 45 .7666666666666666
49 46 .7666666666666669
49 47 .7
49 48 .8333333333333334
49 49 1
50 36 .8333333333333334
50 37 .7666666666666666
50 38 .8000000000000003
50 39 .7666666666666666
50 40 .8999999999999997
50 41 .8333333333333334
50 42 .8000000000000003
50 43 .8333333333333335
50 44 .8666666666666668
50 45 .8000000000000003
50 46 .8666666666666665
50 47 .7333333333333336
50 48 .8666666666666668
50 49 .7666666666666666
50 50 1
