%%MatrixMarket matrix coordinate real symmetric
50 50 315
1 1 1
2 1 .9666666666666666
2 2 1
3 1 .9666666666666666
3 2 1
3 3 1
4 1 1
4 2 .9666666666666666
4 3 .9666666666666666
4 4 1
5 1 1
5 2 .9666666666666666
5 3 .9666666666666666
5 4 1
5 5 1
6 1 1
6 2 .9666666666666666
6 3 .9666666666666666
6 4 1
6 5 1
6 6 1
7 1 1
7 2 .9666666666666666
7 3 .9666666666666666
7 4 1
7 5 1
7 6 1
7 7 1
8 1 .9666666666666666
8 2 1
8 3 1
8 4 .9666666666666666
8 5 .9666666666666666
8 6 .9666666666666666
8 7 .9666666666666666
8 8 1
9 1 .9666666666666666
9 2 1
9 3 1
9 4 .9666666666666666
9 5 .9666666666666666
9 6 .9666666666666666
9 7 .9666666666666666
9 8 1
9 9 1
10 1 .9666666666666666
10 2 1
10 3 1
10 4 .9666666666666666
10 5 .9666666666666666
10 6 .9666666666666666
10 7 .9666666666666666
10 8 1
10 9 1
10 10 1
11 1 .9666666666666666
11 2 1
11 3 1
11 4 .9666666666666666
11 5 .9666666666666666
11 6 .9666666666666666
11 7 .9666666666666666
11 8 1
11 9 1
11 10 1
11 11 1
12 1 .9666666666666666
12 2 1
12 3 1
12 4 .9666666666666666
12 5 .9666666666666666
12 6 .9666666666666666
12 7 .9666666666666666
12 8 1
12 9 1
12 10 1
12 11 1
12 12 1
13 1 .9666666666666666
13 2 1
13 3 1
13 4 .9666666666666666
13 5 .9666666666666666
13 6 .9666666666666666
13 7 .9666666666666666
13 8 1
13 9 1
13 10 1
13 11 1
13 12 1
13 13 1
14 1 1
14 2 .9666666666666666
14 3 .9666666666666666
14 4 1
14 5 1
14 6 1
14 7 1
14 8 .9666666666666666
14 9 .9666666666666666
14 10 .9666666666666666
14 11 .9666666666666666
14 12 .9666666666666666
14 13 .9666666666666666
14 14 1
15 15 1
16 15 .6
16 16 1
17 15 .5333333333333333
17 16 .5333333333333333
17 17 1
18 15 .5333333333333333
18 16 .5333333333333333
18 17 .5333333333333333
18 18 1
19 15 .5666666666666667
19 16 .5333333333333333
19 17 .5333333333333333
19 18 .5333333333333333
19 19 1
20 20 1
21 20 .5666666666666667
21 21 1
22 20 .5666666666666667
22 21 .5666666666666667
22 22 1
23 20 .5666666666666667
23 21 .5666666666666667
23 22 .6
23 23 1
24 16 .03333333333333333
24 20 .6
24 21 .5666666666666667
24 22 .5666666666666667
24 23 .5666666666666667
24 24 1
25 20 .6
25 21 .6000000000000002
25 22 .5666666666666667
25 23 .5666666666666667
25 24 .6
25 25 1
26 20 .6
26 21 .6000000000000001
26 22 .5666666666666667
26 23 .5666666666666667
26 24 .6
26 25 .6
26 26 1
27 20 .6
27 21 .5666666666666667
27 22 .5666666666666667
27 23 .5666666666666667
27 24 .6333333333333333
27 25 .6
27 26 .6
27 27 1
28 15 .03333333333333333
28 28 1
29 26 .03333333333333333
29 28 .8666666666666668
29 29 1
30 28 .8999999999999999
30 29 .8666666666666668
30 30 1
31 28 .8999999999999999
31 29 .8999999999999999
31 30 .8666666666666668
31 31 1
32 28 .8999999999999999
32 29 .8666666666666668
32 30 .8999999999999999
32 31 .8666666666666668
32 32 1
33 28 .8999999999999999
33 29 .8666666666666668
33 30 .8999999999999999
33 31 .8666666666666668
33 32 .8999999999999999
33 33 1
34 28 .8666666666666668
34 29 .9333333333333331
34 30 .8666666666666668
34 31 .8999999999999999
34 32 .8666666666666668
34 33 .8666666666666668
34 34 1
35 28 .8999999999999999
35 29 .8666666666666668
35 30 .8999999999999999
35 31 .8666666666666668
35 32 .8999999999999999
35 33 .9333333333333331
35 34 .8666666666666668
35 35 1
36 36 1
37 36 1
37 37 1
38 36 1
38 37 1
38 38 1
39 36 .9666666666666666
39 37 .9666666666666666
39 38 .9666666666666666
39 39 1
40 36 .9666666666666666
40 37 .9666666666666666
40 38 .9666666666666666
40 39 1
40 40 1
41 36 1
41 37 1
41 38 1
41 39 .9666666666666666
41 40 .9666666666666666
41 41 1
42 36 .9666666666666666
42 37 .9666666666666666
42 38 .9666666666666666
42 39 1
42 40 1
42 41 .9666666666666666
42 42 1
43 36 .9666666666666666
43 37 .9666666666666666
43 38 .9666666666666666
43 39 1
43 40 1
43 41 .9666666666666666
43 42 1
43 43 1
44 36 .9666666666666666
44 37 .9666666666666666
44 38 .9666666666666666
44 39 1
44 40 1
44 41 .9666666666666666
44 42 1
44 43 1
44 44 1
45 36 1
45 37 1
45 38 1
45 39 .9666666666666666
45 40 .9666666666666666
45 41 1
45 42 .9666666666666666
45 43 .9666666666666666
45 44 .9666666666666666
45 45 1
46 36 .9666666666666666
46 37 .9666666666666666
46 38 .9666666666666666
46 39 1
46 40 1
46 41 .9666666666666666
46 42 1
46 43 1
46 44 1
46 45 .9666666666666666
46 46 1
47 36 .9666666666666666
47 37 .9666666666666666
47 38 .9666666666666666
47 39 1
47 40 1
47 41 .9666666666666666
47 42 1
47 43 1
47 44 1
47 45 .9666666666666666
47 46 1
47 47 1
48 36 1
48 37 1
48 38 1
48 39 .9666666666666666
48 40 .9666666666666666
48 41 1
48 42 .9666666666666666
48 43 .9666666666666666
48 44 .9666666666666666
48 45 1
48 46 .9666666666666666
48 47 .9666666666666666
48 48 1
49 36 1
49 37 1
49 38 1
49 39 .9666666666666666
49 40 .9666666666666666
49 41 1
49 42 .9666666666666666
49 43 .9666666666666666
49 44 .9666666666666666
49 45 1
49 46 .9666666666666666
49 47 .9666666666666666
49 48 1
49 49 1
50 36 .9666666666666666
50 37 .9666666666666666
50 38 .9666666666666666
50 39 1
50 40 1
50 41 .9666666666666666
50 42 1
50 43 1
50 44 1
50 45 .9666666666666666
50 46 1
50 47 1
50 48 .9666666666666666
50 49 .9666666666666666
50 50 1
