%%MatrixMarket matrix coordinate real symmetric
50 50 313
1 1 1
2 1 1
2 2 1
3 1 1
3 2 1
3 3 1
4 1 1
4 2 1
4 3 1
4 4 1
5 1 1
5 2 1
5 3 1
5 4 1
5 5 1
6 1 1
6 2 1
6 3 1
6 4 1
6 5 1
6 6 1
7 1 1
7 2 1
7 3 1
7 4 1
7 5 1
7 6 1
7 7 1
8 1 1
8 2 1
8 3 1
8 4 1
8 5 1
8 6 1
8 7 1
8 8 1
9 1 1
9 2 1
9 3 1
9 4 1
9 5 1
9 6 1
9 7 1
9 8 1
9 9 1
10 1 1
10 2 1
10 3 1
10 4 1
10 5 1
10 6 1
10 7 1
10 8 1
10 9 1
10 10 1
11 1 1
11 2 1
11 3 1
11 4 1
11 5 1
11 6 1
11 7 1
11 8 1
11 9 1
11 10 1
11 11 1
12 1 1
12 2 1
12 3 1
12 4 1
12 5 1
12 6 1
12 7 1
12 8 1
12 9 1
12 10 1
12 11 1
12 12 1
13 1 1
13 2 1
13 3 1
13 4 1
13 5 1
13 6 1
13 7 1
13 8 1
13 9 1
13 10 1
13 11 1
13 12 1
13 13 1
14 1 1
14 2 1
14 3 1
14 4 1
14 5 1
14 6 1
14 7 1
14 8 1
14 9 1
14 10 1
14 11 1
14 12 1
14 13 1
14 14 1
15 15 1
16 15 .6666666666666667
16 16 1
17 15 .6666666666666667
17 16 .6666666666666667
17 17 1
18 15 .6666666666666667
18 16 .6666666666666667
18 17 .6666666666666667
18 18 1
19 15 .6666666666666667
19 16 .6666666666666667
19 17 .6666666666666667
19 18 .6666666666666667
19 19 1
20 20 1
21 20 .6666666666666665
21 21 1
22 20 .6666666666666665
22 21 .6666666666666665
22 22 1
23 20 .6666666666666665
23 21 .6666666666666665
23 22 .6666666666666665
23 23 1
24 20 .6666666666666665
24 21 .6666666666666665
24 22 .6666666666666665
24 23 .6666666666666665
24 24 1
25 20 .6666666666666665
25 21 .6666666666666665
25 22 .6666666666666665
25 23 .6666666666666665
25 24 .6666666666666665
25 25 1
26 20 .6666666666666665
26 21 .6666666666666665
26 22 .6666666666666665
26 23 .6666666666666665
26 24 .6666666666666665
26 25 .6666666666666665
26 26 1
27 20 .6666666666666665
27 21 .6666666666666665
27 22 .6666666666666665
27 23 .6666666666666665
27 24 .6999999999999997
27 25 .6666666666666665
27 26 .6666666666666665
27 27 1
28 28 1
29 26 .03333333333333333
29 28 .9333333333333331
29 29 1
30 28 .9333333333333331
30 29 .9333333333333331
30 30 1
31 28 .9333333333333331
31 29 .9333333333333331
31 30 .9333333333333331
31 31 1
32 28 .9333333333333331
32 29 .9333333333333331
32 30 .9333333333333331
32 31 .9333333333333331
32 32 1
33 28 .9333333333333331
33 29 .9333333333333331
33 30 .9333333333333331
33 31 .9333333333333331
33 32 .9333333333333331
33 33 1
34 28 .9333333333333331
34 29 .9333333333333331
34 30 .9333333333333331
34 31 .9333333333333331
34 32 .9333333333333331
34 33 .9333333333333331
34 34 1
35 28 .9333333333333331
35 29 .9333333333333331
35 30 .9333333333333331
35 31 .9333333333333331
35 32 .9333333333333331
35 33 .9333333333333331
35 34 .9333333333333331
35 35 1
36 36 1
37 36 1
37 37 1
38 36 1
38 37 1
38 38 1
39 36 .9666666666666666
39 37 .9666666666666666
39 38 .9666666666666666
39 39 1
40 36 .9666666666666666
40 37 .9666666666666666
40 38 .9666666666666666
40 39 1
40 40 1
41 36 1
41 37 1
41 38 1
41 39 .9666666666666666
41 40 .9666666666666666
41 41 1
42 36 .9666666666666666
42 37 .9666666666666666
42 38 .9666666666666666
42 39 1
42 40 1
42 41 .9666666666666666
42 42 1
43 36 .9666666666666666
43 37 .9666666666666666
43 38 .9666666666666666
43 39 1
43 40 1
43 41 .9666666666666666
43 42 1
43 43 1
44 36 .9666666666666666
44 37 .9666666666666666
44 38 .9666666666666666
44 39 1
44 40 1
44 41 .9666666666666666
44 42 1
44 43 1
44 44 1
45 36 1
45 37 1
45 38 1
45 39 .9666666666666666
45 40 .9666666666666666
45 41 1
45 42 .9666666666666666
45 43 .9666666666666666
45 44 .9666666666666666
45 45 1
46 36 .9666666666666666
46 37 .9666666666666666
46 38 .9666666666666666
46 39 1
46 40 1
46 41 .9666666666666666
46 42 1
46 43 1
46 44 1
46 45 .9666666666666666
46 46 1
47 36 .9666666666666666
47 37 .9666666666666666
47 38 .9666666666666666
47 39 1
47 40 1
47 41 .9666666666666666
47 42 1
47 43 1
47 44 1
47 45 .9666666666666666
47 46 1
47 47 1
48 36 1
48 37 1
48 38 1
48 39 .9666666666666666
48 40 .9666666666666666
48 41 1
48 42 .9666666666666666
48 43 .9666666666666666
48 44 .9666666666666666
48 45 1
48 46 .9666666666666666
48 47 .9666666666666666
48 48 1
49 36 1
49 37 1
49 38 1
49 39 .9666666666666666
49 40 .9666666666666666
49 41 1
49 42 .9666666666666666
49 43 .9666666666666666
49 44 .9666666666666666
49 45 1
49 46 .9666666666666666
49 47 .9666666666666666
49 48 1
49 49 1
50 36 .9666666666666666
50 37 .9666666666666666
50 38 .9666666666666666
50 39 1
50 40 1
50 41 .9666666666666666
50 42 1
50 43 1
50 44 1
50 45 .9666666666666666
50 46 1
50 47 1
50 48 .9666666666666666
50 49 .9666666666666666
50 50 1
