%%MatrixMarket matrix coordinate pattern symmetric
50 50 284
1 1
2 1
2 2
3 1
3 2
3 3
4 1
4 2
4 3
4 4
5 1
5 2
5 3
5 4
5 5
6 1
6 2
6 3
6 4
6 5
6 6
7 1
7 2
7 3
7 4
7 5
7 6
7 7
8 1
8 2
8 3
8 4
8 5
8 6
8 7
8 8
9 1
9 2
9 3
9 4
9 5
9 6
9 7
9 8
9 9
10 1
10 2
10 3
10 4
10 5
10 6
10 7
10 8
10 9
10 10
11 1
11 2
11 3
11 4
11 5
11 6
11 7
11 8
11 9
11 10
11 11
12 1
12 2
12 3
12 4
12 5
12 6
12 7
12 8
12 9
12 10
12 11
12 12
13 1
13 2
13 3
13 4
13 5
13 6
13 7
13 8
13 9
13 10
13 11
13 12
13 13
14 1
14 2
14 3
14 4
14 5
14 6
14 7
14 8
14 9
14 10
14 11
14 12
14 13
14 14
15 15
16 15
16 16
17 15
17 16
17 17
18 15
18 16
18 17
18 18
19 15
19 16
19 17
19 18
19 19
20 20
21 21
22 22
23 23
24 24
25 25
26 26
27 27
28 28
29 28
29 29
30 28
30 29
30 30
31 28
31 29
31 30
31 31
32 28
32 29
32 30
32 31
32 32
33 28
33 29
33 30
33 31
33 32
33 33
34 28
34 29
34 30
34 31
34 32
34 33
34 34
35 28
35 29
35 30
35 31
35 32
35 33
35 34
35 35
36 36
37 36
37 37
38 36
38 37
38 38
39 36
39 37
39 38
39 39
40 36
40 37
40 38
40 39
40 40
41 36
41 37
41 38
41 39
41 40
41 41
42 36
42 37
42 38
42 39
42 40
42 41
42 42
43 36
43 37
43 38
43 39
43 40
43 41
43 42
43 43
44 36
44 37
44 38
44 39
44 40
44 41
44 42
44 43
44 44
45 36
45 37
45 38
45 39
45 40
45 41
45 42
45 43
45 44
45 45
46 36
46 37
46 38
46 39
46 40
46 41
46 42
46 43
46 44
46 45
46 46
47 36
47 37
47 38
47 39
47 40
47 41
47 42
47 43
47 44
47 45
47 46
47 47
48 36
48 37
48 38
48 39
48 40
48 41
48 42
48 43
48 44
48 45
48 46
48 47
48 48
49 36
49 37
49 38
49 39
49 40
49 41
49 42
49 43
49 44
49 45
49 46
49 47
49 48
49 49
50 36
50 37
50 38
50 39
50 40
50 41
50 42
50 43
50 44
50 45
50 46
50 47
50 48
50 49
50 50
