%%MatrixMarket matrix coordinate real symmetric
50 50 308
1 1 1
2 1 1
2 2 1
3 1 1
3 2 1
3 3 1
4 1 1
4 2 1
4 3 1
4 4 1
5 1 .8
5 2 .8
5 3 .8
5 4 .8
5 5 1
6 1 .8
6 2 .8
6 3 .8
6 4 .8
6 5 .8
6 6 1
7 1 1
7 2 1
7 3 1
7 4 1
7 5 .8
7 6 .8
7 7 1
8 1 1
8 2 1
8 3 1
8 4 1
8 5 .8
8 6 .8
8 7 1
8 8 1
9 1 1
9 2 1
9 3 1
9 4 1
9 5 .8
9 6 .8
9 7 1
9 8 1
9 9 1
10 1 .8
10 2 .8
10 3 .8
10 4 .8
10 5 .7999999999999999
10 6 .7
10 7 .8
10 8 .8
10 9 .8
10 10 1
11 1 .8
11 2 .8
11 3 .8
11 4 .8
11 5 .9
11 6 .9
11 7 .8
11 8 .8
11 9 .8
11 10 .7999999999999999
11 11 1
12 1 .8
12 2 .8
12 3 .8
12 4 .8
12 5 .9
12 6 .9
12 7 .8
12 8 .8
12 9 .8
12 10 .7
12 11 .8
12 12 1
13 1 .8
13 2 .8
13 3 .8
13 4 .8
13 5 .9
13 6 .8
13 7 .8
13 8 .8
13 9 .8
13 10 .7
13 11 .8
13 12 .9
13 13 1
14 1 .9
14 2 .9
14 3 .9
14 4 .9
14 5 .9
14 6 .8
14 7 .9
14 8 .9
14 9 .9
14 10 .9
14 11 .9
14 12 .8
14 13 .8
14 14 1
15 15 1
16 15 .2
16 16 1
17 16 .1
17 17 1
18 15 .2
18 16 .4
18 17 .2
18 18 1
19 15 .2
19 16 .3
19 17 .3
19 18 .5
19 19 1
20 20 1
21 20 .1
21 21 1
22 20 .1
22 22 1
23 21 .1
23 22 .1
23 23 1
24 20 .3
24 21 .1
24 22 .1
24 23 .2
24 24 1
25 20 .2
25 21 .1
25 22 .1
25 24 .3
25 25 1
26 16 .1
26 20 .3
26 21 .2
26 22 .1
26 23 .1
26 24 .4000000000000001
26 25 .4
26 26 1
27 20 .2
27 21 .1
27 22 .1
27 24 .2
27 25 .4
27 26 .4
27 27 1
28 28 1
29 28 .7999999999999999
29 29 1
30 28 .6
30 29 .6999999999999998
30 30 1
31 28 .6
31 29 .7000000000000001
31 30 .5
31 31 1
32 28 .5
32 29 .4
32 30 .4
32 31 .5
32 32 1
33 28 .5
33 29 .4
33 30 .4
33 31 .5
33 32 .6
33 33 1
34 28 .7000000000000001
34 29 .7999999999999999
34 30 .6
34 31 .9
34 32 .5
34 33 .5
34 34 1
35 28 .6
35 29 .5
35 30 .5
35 31 .5
35 32 .5
35 33 .5
35 34 .5999999999999999
35 35 1
36 36 1
37 36 .7000000000000003
37 37 1
38 36 .7000000000000003
38 37 .7000000000000003
38 38 1
39 36 .7000000000000003
39 37 .7999999999999999
39 38 .7000000000000003
39 39 1
40 36 .7999999999999999
40 37 .7999999999999999
40 38 .7999999999999999
40 39 .7999999999999999
40 40 1
41 36 .7999999999999999
41 37 .7999999999999999
41 38 .7999999999999999
41 39 .7999999999999999
41 40 .9
41 41 1
42 36 .9
42 37 .7000000000000003
42 38 .7000000000000003
42 39 .7000000000000003
42 40 .7999999999999999
42 41 .7999999999999999
42 42 1
43 36 .7999999999999999
43 37 .7999999999999999
43 38 .9
43 39 .7999999999999999
43 40 .9
43 41 .9
43 42 .7999999999999999
43 43 1
44 36 .7000000000000003
44 37 .7000000000000003
44 38 1
44 39 .7000000000000003
44 40 .7999999999999999
44 41 .7999999999999999
44 42 .7000000000000003
44 43 .9
44 44 1
45 36 .7999999999999999
45 37 .7000000000000003
45 38 .6
45 39 .7000000000000003
45 40 .7000000000000003
45 41 .7000000000000003
45 42 .7999999999999999
45 43 .7000000000000003
45 44 .6
45 45 1
46 36 .7999999999999999
46 37 .7999999999999999
46 38 .9
46 39 .7999999999999999
46 40 .9
46 41 .9
46 42 .7999999999999999
46 43 1
46 44 .9
46 45 .7000000000000003
46 46 1
47 36 .7000000000000003
47 37 1
47 38 .7000000000000003
47 39 .7999999999999999
47 40 .7999999999999999
47 41 .7999999999999999
47 42 .7000000000000003
47 43 .7999999999999999
47 44 .7000000000000003
47 45 .7000000000000003
47 46 .7999999999999999
47 47 1
48 36 .7999999999999999
48 37 .7999999999999999
48 38 .7999999999999999
48 39 .7999999999999999
48 40 .9
48 41 .9
48 42 .7999999999999999
48 43 .9
48 44 .7999999999999999
48 45 .7000000000000003
48 46 .9
48 47 .7999999999999999
48 48 1
49 36 .7000000000000003
49 37 .7999999999999999
49 38 .7000000000000003
49 39 .9
49 40 .7999999999999999
49 41 .7999999999999999
49 42 .7000000000000003
49 43 .7999999999999999
49 44 .7000000000000003
49 45 .7000000000000003
49 46 .7999999999999999
49 47 .7999999999999999
49 48 .9
49 49 1
50 36 .7999999999999999
50 37 .7999999999999999
50 38 .9
50 39 .7999999999999999
50 40 .9
50 41 .9
50 42 .7999999999999999
50 43 1
50 44 .9
50 45 .7000000000000003
50 46 1
50 47 .7999999999999999
50 48 .9
50 49 .7999999999999999
50 50 1
