%%MatrixMarket matrix coordinate real symmetric
50 50 365
1 1 1
2 1 .76
2 2 1
3 1 .7199999999999999
3 2 .7499999999999999
3 3 1
4 1 .77
4 2 .7299999999999998
4 3 .7099999999999996
4 4 1
5 1 .7199999999999998
5 2 .6799999999999997
5 3 .67
5 4 .6999999999999998
5 5 1
6 1 .6699999999999998
6 2 .6799999999999997
6 3 .6599999999999999
6 4 .6999999999999998
6 5 .6399999999999999
6 6 1
7 1 .7899999999999996
7 2 .7699999999999999
7 3 .7299999999999998
7 4 .7500000000000003
7 5 .7099999999999999
7 6 .72
7 7 1
8 1 .74
8 2 .7299999999999998
8 3 .74
8 4 .74
8 5 .6599999999999996
8 6 .6399999999999999
8 7 .7200000000000003
8 8 1
9 1 .7499999999999999
9 2 .7699999999999999
9 3 .71
9 4 .7199999999999999
9 5 .6800000000000002
9 6 .6400000000000003
9 7 .7499999999999999
9 8 .7399999999999995
9 9 1
10 1 .6999999999999998
10 2 .73
10 3 .7099999999999997
10 4 .7099999999999999
10 5 .6699999999999996
10 6 .6599999999999995
10 7 .7199999999999998
10 8 .7199999999999998
10 9 .7200000000000002
10 10 1
11 1 .7799999999999999
11 2 .74
11 3 .6899999999999997
11 4 .7900000000000001
11 5 .6999999999999996
11 6 .6999999999999998
11 7 .7299999999999998
11 8 .7299999999999998
11 9 .7199999999999999
11 10 .76
11 11 1
12 1 .7299999999999998
12 2 .7299999999999998
12 3 .6999999999999997
12 4 .7199999999999999
12 5 .7399999999999999
12 6 .7199999999999995
12 7 .7499999999999999
12 8 .6899999999999994
12 9 .7099999999999997
12 10 .6800000000000002
12 11 .74
12 12 1
13 1 .6899999999999997
13 2 .6799999999999995
13 3 .74
13 4 .6699999999999998
13 5 .6400000000000001
13 6 .63
13 7 .6899999999999997
13 8 .6799999999999995
13 9 .6699999999999996
13 10 .6699999999999998
13 11 .6999999999999997
13 12 .7199999999999999
13 13 1
14 1 .7399999999999999
14 2 .6599999999999999
14 3 .6799999999999995
14 4 .6999999999999994
14 5 .6699999999999997
14 6 .6500000000000001
14 7 .6999999999999998
14 8 .67
14 9 .6800000000000002
14 10 .6699999999999995
14 11 .7099999999999997
14 12 .6799999999999995
14 13 .6999999999999998
14 14 1
15 15 1
16 15 .26999999999999996
16 16 1
17 5 .009999999999999998
17 15 .20000000000000004
17 16 .23
17 17 1
18 15 .16
18 16 .21999999999999992
18 17 .21999999999999997
18 18 1
19 11 .009999999999999998
19 15 .25000000000000006
19 16 .31
19 17 .2700000000000001
19 18 .24000000000000013
19 19 1
20 2 .009999999999999998
20 12 .009999999999999998
20 13 .009999999999999998
20 14 .009999999999999998
20 15 .009999999999999998
20 16 .009999999999999998
20 17 .009999999999999998
20 18 .009999999999999998
20 20 1
21 2 .009999999999999998
21 9 .009999999999999998
21 15 .009999999999999998
21 20 .37
21 21 1
22 17 .009999999999999998
22 18 .009999999999999998
22 19 .009999999999999998
22 20 .37000000000000016
22 21 .32000000000000006
22 22 1
23 3 .019999999999999997
23 20 .38
23 21 .38000000000000006
23 22 .3600000000000001
23 23 1
24 7 .009999999999999998
24 16 .009999999999999998
24 17 .029999999999999995
24 20 .35000000000000014
24 21 .33000000000000007
24 22 .32999999999999996
24 23 .3500000000000002
24 24 1
25 2 .009999999999999998
25 9 .009999999999999998
25 18 .009999999999999998
25 20 .39
25 21 .39
25 22 .34
25 23 .3700000000000001
25 24 .3900000000000001
25 25 1
26 16 .009999999999999998
26 20 .42
26 21 .39000000000000007
26 22 .39000000000000007
26 23 .44
26 24 .39000000000000007
26 25 .41000000000000003
26 26 1
27 4 .009999999999999998
27 16 .009999999999999998
27 19 .009999999999999998
27 20 .41000000000000003
27 21 .38000000000000017
27 22 .42
27 23 .41000000000000003
27 24 .39000000000000007
27 25 .42
27 26 .48999999999999994
27 27 1
28 13 .009999999999999998
28 15 .009999999999999998
28 18 .019999999999999997
28 19 .009999999999999998
28 28 1
29 19 .019999999999999997
29 22 .009999999999999998
29 26 .019999999999999997
29 28 .4900000000000002
29 29 1
30 2 .009999999999999998
30 28 .48000000000000015
30 29 .5600000000000002
30 30 1
31 17 .009999999999999998
31 27 .009999999999999998
31 28 .4299999999999999
31 29 .4799999999999999
31 30 .4900000000000004
31 31 1
32 2 .009999999999999998
32 26 .009999999999999998
32 28 .4499999999999998
32 29 .5100000000000001
32 30 .4900000000000004
32 31 .5399999999999998
32 32 1
33 18 .009999999999999998
33 28 .4100000000000001
33 29 .42000000000000015
33 30 .4200000000000001
33 31 .45
33 32 .4600000000000002
33 33 1
34 28 .43000000000000027
34 29 .49
34 30 .4900000000000002
34 31 .49000000000000016
34 32 .45000000000000023
34 33 .42
34 34 1
35 17 .009999999999999998
35 18 .029999999999999995
35 23 .009999999999999998
35 24 .009999999999999998
35 28 .41000000000000014
35 29 .42000000000000026
35 30 .43
35 31 .41
35 32 .4500000000000004
35 33 .42
35 34 .4
35 35 1
36 17 .009999999999999998
36 36 1
37 36 .7099999999999999
37 37 1
38 36 .7399999999999999
38 37 .6699999999999998
38 38 1
39 36 .6499999999999999
39 37 .6499999999999999
39 38 .6499999999999999
39 39 1
40 19 .009999999999999998
40 24 .009999999999999998
40 36 .7499999999999998
40 37 .6799999999999997
40 38 .7199999999999999
40 39 .6899999999999997
40 40 1
41 36 .8299999999999996
41 37 .7199999999999999
41 38 .7599999999999997
41 39 .6700000000000002
41 40 .7499999999999998
41 41 1
42 25 .009999999999999998
42 36 .7500000000000001
42 37 .6999999999999997
42 38 .6699999999999998
42 39 .6699999999999998
42 40 .7099999999999999
42 41 .7799999999999996
42 42 1
43 36 .7199999999999999
43 37 .6599999999999999
43 38 .7199999999999999
43 39 .6599999999999996
43 40 .7099999999999999
43 41 .76
43 42 .7299999999999999
43 43 1
44 17 .009999999999999998
44 36 .7599999999999996
44 37 .7299999999999998
44 38 .76
44 39 .6899999999999997
44 40 .73
44 41 .7699999999999992
44 42 .7599999999999997
44 43 .7599999999999997
44 44 1
45 36 .7699999999999999
45 37 .7099999999999997
45 38 .7399999999999999
45 39 .6999999999999996
45 40 .73
45 41 .7399999999999999
45 42 .7299999999999998
45 43 .7100000000000003
45 44 .76
45 45 1
46 18 .009999999999999998
46 36 .6799999999999997
46 37 .6199999999999999
46 38 .7000000000000003
46 39 .6199999999999999
46 40 .6900000000000004
46 41 .73
46 42 .6899999999999997
46 43 .7499999999999999
46 44 .7099999999999996
46 45 .6700000000000002
46 46 1
47 36 .7300000000000002
47 37 .7199999999999999
47 38 .6999999999999997
47 39 .6499999999999995
47 40 .7000000000000004
47 41 .7599999999999997
47 42 .6999999999999997
47 43 .6999999999999997
47 44 .6999999999999996
47 45 .6699999999999995
47 46 .6799999999999997
47 47 1
48 19 .009999999999999998
48 36 .7999999999999998
48 37 .7199999999999998
48 38 .7399999999999999
48 39 .6999999999999997
48 40 .8000000000000003
48 41 .8300000000000003
48 42 .7899999999999998
48 43 .7399999999999994
48 44 .7800000000000001
48 45 .7599999999999996
48 46 .7099999999999999
48 47 .7399999999999999
48 48 1
49 36 .7299999999999995
49 37 .7299999999999998
49 38 .7399999999999999
49 39 .6799999999999997
49 40 .7099999999999999
49 41 .7800000000000001
49 42 .74
49 43 .7799999999999999
49 44 .7799999999999999
49 45 .77
49 46 .7299999999999998
49 47 .7
49 48 .7499999999999997
49 49 1
50 18 .009999999999999998
50 22 .009999999999999998
50 36 .7399999999999999
50 37 .6799999999999994
50 38 .7499999999999999
50 39 .7199999999999999
50 40 .7399999999999995
50 41 .7699999999999996
50 42 .7399999999999999
50 43 .7699999999999999
50 44 .7800000000000001
50 45 .7599999999999996
50 46 .7199999999999999
50 47 .6799999999999998
50 48 .77
50 49 .7599999999999996
50 50 1
