%%MatrixMarket matrix coordinate real symmetric
50 50 317
1 1 1
2 1 .96
2 2 1
3 1 .96
3 2 1
3 3 1
4 1 1
4 2 .96
4 3 .96
4 4 1
5 1 .9800000000000002
5 2 .9799999999999999
5 3 .9799999999999999
5 4 .9800000000000002
5 5 1
6 1 1
6 2 .96
6 3 .96
6 4 1
6 5 .9800000000000002
6 6 1
7 1 1
7 2 .96
7 3 .96
7 4 1
7 5 .9800000000000002
7 6 1
7 7 1
8 1 .9799999999999999
8 2 .9800000000000002
8 3 .9800000000000002
8 4 .9799999999999999
8 5 .96
8 6 .9799999999999999
8 7 .9799999999999999
8 8 1
9 1 .96
9 2 1
9 3 1
9 4 .96
9 5 .9799999999999999
9 6 .96
9 7 .96
9 8 .9800000000000002
9 9 1
10 1 .96
10 2 1
10 3 1
10 4 .96
10 5 .9799999999999999
10 6 .96
10 7 .96
10 8 .9800000000000002
10 9 1
10 10 1
11 1 .9799999999999999
11 2 .9800000000000002
11 3 .9800000000000002
11 4 .9799999999999999
11 5 .96
11 6 .9799999999999999
11 7 .9799999999999999
11 8 1
11 9 .9800000000000002
11 10 .9800000000000002
11 11 1
12 1 .96
12 2 1
12 3 1
12 4 .96
12 5 .9799999999999999
12 6 .96
12 7 .96
12 8 .9800000000000002
12 9 1
12 10 1
12 11 .9800000000000002
12 12 1
13 1 .96
13 2 1
13 3 1
13 4 .96
13 5 .9799999999999999
13 6 .96
13 7 .96
13 8 .9800000000000002
13 9 1
13 10 1
13 11 .9800000000000002
13 12 1
13 13 1
14 1 1
14 2 .96
14 3 .96
14 4 1
14 5 .9800000000000002
14 6 1
14 7 1
14 8 .9799999999999999
14 9 .96
14 10 .96
14 11 .9799999999999999
14 12 .96
14 13 .96
14 14 1
15 15 1
16 15 .52
16 16 1
17 15 .46
17 16 .46
17 17 1
18 15 .46
18 16 .46
18 17 .46
18 18 1
19 15 .47999999999999987
19 16 .46
19 17 .5000000000000001
19 18 .46
19 19 1
20 20 1
21 20 .6000000000000002
21 21 1
22 20 .5800000000000002
22 21 .5800000000000002
22 22 1
23 20 .5800000000000002
23 21 .5800000000000002
23 22 .6000000000000002
23 23 1
24 16 .019999999999999997
24 20 .6000000000000002
24 21 .5800000000000002
24 22 .6000000000000002
24 23 .5800000000000002
24 24 1
25 20 .6000000000000002
25 21 .6000000000000002
25 22 .5800000000000002
25 23 .5800000000000002
25 24 .6000000000000002
25 25 1
26 20 .6000000000000002
26 21 .6000000000000002
26 22 .6000000000000002
26 23 .5800000000000002
26 24 .6200000000000001
26 25 .6000000000000002
26 26 1
27 20 .6000000000000002
27 21 .5800000000000002
27 22 .6200000000000003
27 23 .5800000000000002
27 24 .6200000000000001
27 25 .6000000000000002
27 26 .6000000000000002
27 27 1
28 15 .019999999999999997
28 28 1
29 19 .019999999999999997
29 26 .019999999999999997
29 28 .84
29 29 1
30 28 .8600000000000003
30 29 .84
30 30 1
31 28 .8600000000000003
31 29 .8600000000000003
31 30 .86
31 31 1
32 28 .8600000000000003
32 29 .84
32 30 .8600000000000003
32 31 .84
32 32 1
33 28 .8600000000000003
33 29 .84
33 30 .8800000000000003
33 31 .86
33 32 .8600000000000003
33 33 1
34 28 .84
34 29 .88
34 30 .86
34 31 .8800000000000003
34 32 .84
34 33 .86
34 34 1
35 17 .019999999999999997
35 28 .8600000000000003
35 29 .84
35 30 .8600000000000003
35 31 .84
35 32 .8600000000000003
35 33 .88
35 34 .84
35 35 1
36 36 1
37 36 .9800000000000002
37 37 1
38 36 .9800000000000002
38 37 1
38 38 1
39 36 .96
39 37 .9799999999999999
39 38 .9799999999999999
39 39 1
40 36 .96
40 37 .9799999999999999
40 38 .9799999999999999
40 39 1
40 40 1
41 36 1
41 37 .9800000000000002
41 38 .9800000000000002
41 39 .96
41 40 .96
41 41 1
42 36 .9799999999999999
42 37 .96
42 38 .96
42 39 .9800000000000002
42 40 .9800000000000002
42 41 .9799999999999999
42 42 1
43 36 .9799999999999999
43 37 .96
43 38 .96
43 39 .9800000000000002
43 40 .9800000000000002
43 41 .9799999999999999
43 42 1
43 43 1
44 36 .9799999999999999
44 37 .96
44 38 .96
44 39 .9800000000000002
44 40 .9800000000000002
44 41 .9799999999999999
44 42 1
44 43 1
44 44 1
45 36 .9800000000000002
45 37 1
45 38 1
45 39 .9799999999999999
45 40 .9799999999999999
45 41 .9800000000000002
45 42 .96
45 43 .96
45 44 .96
45 45 1
46 36 .9799999999999999
46 37 .96
46 38 .96
46 39 .9800000000000002
46 40 .9800000000000002
46 41 .9799999999999999
46 42 1
46 43 1
46 44 1
46 45 .96
46 46 1
47 36 .9799999999999999
47 37 .96
47 38 .96
47 39 .9800000000000002
47 40 .9800000000000002
47 41 .9799999999999999
47 42 1
47 43 1
47 44 1
47 45 .96
47 46 1
47 47 1
48 36 1
48 37 .9800000000000002
48 38 .9800000000000002
48 39 .96
48 40 .96
48 41 1
48 42 .9799999999999999
48 43 .9799999999999999
48 44 .9799999999999999
48 45 .9800000000000002
48 46 .9799999999999999
48 47 .9799999999999999
48 48 1
49 36 .9800000000000002
49 37 1
49 38 1
49 39 .9799999999999999
49 40 .9799999999999999
49 41 .9800000000000002
49 42 .96
49 43 .96
49 44 .96
49 45 1
49 46 .96
49 47 .96
49 48 .9800000000000002
49 49 1
50 36 .96
50 37 .9799999999999999
50 38 .9799999999999999
50 39 1
50 40 1
50 41 .96
50 42 .9800000000000002
50 43 .9800000000000002
50 44 .9800000000000002
50 45 .9799999999999999
50 46 .9800000000000002
50 47 .9800000000000002
50 48 .96
50 49 .9799999999999999
50 50 1
