%%MatrixMarket matrix coordinate real symmetric
50 50 313
1 1 1
2 1 .9800000000000002
2 2 1
3 1 .9800000000000002
3 2 1
3 3 1
4 1 1
4 2 .9800000000000002
4 3 .9800000000000002
4 4 1
5 1 .9800000000000002
5 2 1
5 3 1
5 4 .9800000000000002
5 5 1
6 1 .9800000000000002
6 2 1
6 3 1
6 4 .9800000000000002
6 5 1
6 6 1
7 1 .9800000000000002
7 2 1
7 3 1
7 4 .9800000000000002
7 5 1
7 6 1
7 7 1
8 1 1
8 2 .9800000000000002
8 3 .9800000000000002
8 4 1
8 5 .9800000000000002
8 6 .9800000000000002
8 7 .9800000000000002
8 8 1
9 1 .9800000000000002
9 2 1
9 3 1
9 4 .9800000000000002
9 5 1
9 6 1
9 7 1
9 8 .9800000000000002
9 9 1
10 1 .9800000000000002
10 2 1
10 3 1
10 4 .9800000000000002
10 5 1
10 6 1
10 7 1
10 8 .9800000000000002
10 9 1
10 10 1
11 1 1
11 2 .9800000000000002
11 3 .9800000000000002
11 4 1
11 5 .9800000000000002
11 6 .9800000000000002
11 7 .9800000000000002
11 8 1
11 9 .9800000000000002
11 10 .9800000000000002
11 11 1
12 1 .9800000000000002
12 2 1
12 3 1
12 4 .9800000000000002
12 5 1
12 6 1
12 7 1
12 8 .9800000000000002
12 9 1
12 10 1
12 11 .9800000000000002
12 12 1
13 1 .9800000000000002
13 2 1
13 3 1
13 4 .9800000000000002
13 5 1
13 6 1
13 7 1
13 8 .9800000000000002
13 9 1
13 10 1
13 11 .9800000000000002
13 12 1
13 13 1
14 1 1
14 2 .9800000000000002
14 3 .9800000000000002
14 4 1
14 5 .9800000000000002
14 6 .9800000000000002
14 7 .9800000000000002
14 8 1
14 9 .9800000000000002
14 10 .9800000000000002
14 11 1
14 12 .9800000000000002
14 13 .9800000000000002
14 14 1
15 15 1
16 15 .6000000000000001
16 16 1
17 15 .6000000000000001
17 16 .6000000000000001
17 17 1
18 15 .6000000000000001
18 16 .6000000000000001
18 17 .6000000000000001
18 18 1
19 15 .6000000000000001
19 16 .6000000000000001
19 17 .6000000000000001
19 18 .6000000000000001
19 19 1
20 20 1
21 20 .7000000000000003
21 21 1
22 20 .7000000000000003
22 21 .7000000000000003
22 22 1
23 20 .7000000000000003
23 21 .7000000000000003
23 22 .7000000000000003
23 23 1
24 20 .7000000000000003
24 21 .7000000000000003
24 22 .7000000000000003
24 23 .7000000000000003
24 24 1
25 20 .7000000000000003
25 21 .7000000000000003
25 22 .7000000000000003
25 23 .7000000000000003
25 24 .7000000000000003
25 25 1
26 20 .7000000000000003
26 21 .7000000000000003
26 22 .7000000000000003
26 23 .7000000000000003
26 24 .7000000000000003
26 25 .7000000000000003
26 26 1
27 20 .7000000000000003
27 21 .7000000000000003
27 22 .7000000000000003
27 23 .7000000000000003
27 24 .72
27 25 .7000000000000003
27 26 .7000000000000003
27 27 1
28 28 1
29 26 .019999999999999997
29 28 .9199999999999999
29 29 1
30 28 .9199999999999999
30 29 .9199999999999999
30 30 1
31 28 .9199999999999999
31 29 .9199999999999999
31 30 .9199999999999999
31 31 1
32 28 .9199999999999999
32 29 .9199999999999999
32 30 .9199999999999999
32 31 .9199999999999999
32 32 1
33 28 .9199999999999999
33 29 .9199999999999999
33 30 .9199999999999999
33 31 .9199999999999999
33 32 .9199999999999999
33 33 1
34 28 .9199999999999999
34 29 .9199999999999999
34 30 .9199999999999999
34 31 .9199999999999999
34 32 .9199999999999999
34 33 .9199999999999999
34 34 1
35 28 .9199999999999999
35 29 .9199999999999999
35 30 .9199999999999999
35 31 .9199999999999999
35 32 .9199999999999999
35 33 .9199999999999999
35 34 .9199999999999999
35 35 1
36 36 1
37 36 1
37 37 1
38 36 1
38 37 1
38 38 1
39 36 .9799999999999999
39 37 .9799999999999999
39 38 .9799999999999999
39 39 1
40 36 .9799999999999999
40 37 .9799999999999999
40 38 .9799999999999999
40 39 1
40 40 1
41 36 1
41 37 1
41 38 1
41 39 .9799999999999999
41 40 .9799999999999999
41 41 1
42 36 .9799999999999999
42 37 .9799999999999999
42 38 .9799999999999999
42 39 1
42 40 1
42 41 .9799999999999999
42 42 1
43 36 .9799999999999999
43 37 .9799999999999999
43 38 .9799999999999999
43 39 1
43 40 1
43 41 .9799999999999999
43 42 1
43 43 1
44 36 .9799999999999999
44 37 .9799999999999999
44 38 .9799999999999999
44 39 1
44 40 1
44 41 .9799999999999999
44 42 1
44 43 1
44 44 1
45 36 1
45 37 1
45 38 1
45 39 .9799999999999999
45 40 .9799999999999999
45 41 1
45 42 .9799999999999999
45 43 .9799999999999999
45 44 .9799999999999999
45 45 1
46 36 .9799999999999999
46 37 .9799999999999999
46 38 .9799999999999999
46 39 1
46 40 1
46 41 .9799999999999999
46 42 1
46 43 1
46 44 1
46 45 .9799999999999999
46 46 1
47 36 .9799999999999999
47 37 .9799999999999999
47 38 .9799999999999999
47 39 1
47 40 1
47 41 .9799999999999999
47 42 1
47 43 1
47 44 1
47 45 .9799999999999999
47 46 1
47 47 1
48 36 1
48 37 1
48 38 1
48 39 .9799999999999999
48 40 .9799999999999999
48 41 1
48 42 .9799999999999999
48 43 .9799999999999999
48 44 .9799999999999999
48 45 1
48 46 .9799999999999999
48 47 .9799999999999999
48 48 1
49 36 1
49 37 1
49 38 1
49 39 .9799999999999999
49 40 .9799999999999999
49 41 1
49 42 .9799999999999999
49 43 .9799999999999999
49 44 .9799999999999999
49 45 1
49 46 .9799999999999999
49 47 .9799999999999999
49 48 1
49 49 1
50 36 .9799999999999999
50 37 .9799999999999999
50 38 .9799999999999999
50 39 1
50 40 1
50 41 .9799999999999999
50 42 1
50 43 1
50 44 1
50 45 .9799999999999999
50 46 1
50 47 1
50 48 .9799999999999999
50 49 .9799999999999999
50 50 1
