%%MatrixMarket matrix coordinate real symmetric
50 50 343
1 1 1
2 1 .7999999999999998
2 2 1
3 1 .78
3 2 .86
3 3 1
4 1 .8200000000000002
4 2 .78
4 3 .74
4 4 1
5 1 .74
5 2 .72
5 3 .7
5 4 .7000000000000001
5 5 1
6 1 .72
6 2 .7200000000000003
6 3 .6599999999999998
6 4 .72
6 5 .6600000000000001
6 6 1
7 1 .84
7 2 .84
7 3 .8
7 4 .8200000000000001
7 5 .74
7 6 .76
7 7 1
8 1 .82
8 2 .8000000000000003
8 3 .78
8 4 .8200000000000002
8 5 .68
8 6 .7000000000000003
8 7 .8
8 8 1
9 1 .8000000000000003
9 2 .86
9 3 .8
9 4 .8
9 5 .7000000000000001
9 6 .7000000000000003
9 7 .8000000000000003
9 8 .86
9 9 1
10 1 .7200000000000003
10 2 .74
10 3 .74
10 4 .72
10 5 .6599999999999998
10 6 .6399999999999999
10 7 .72
10 8 .7799999999999998
10 9 .78
10 10 1
11 1 .76
11 2 .72
11 3 .68
11 4 .78
11 5 .7000000000000001
11 6 .7000000000000001
11 7 .72
11 8 .7799999999999997
11 9 .7599999999999998
11 10 .7399999999999998
11 11 1
12 1 .6799999999999998
12 2 .74
12 3 .7
12 4 .68
12 5 .7399999999999998
12 6 .7599999999999998
12 7 .72
12 8 .68
12 9 .72
12 10 .6200000000000001
12 11 .7000000000000001
12 12 1
13 1 .7
13 2 .72
13 3 .76
13 4 .68
13 5 .68
13 6 .6800000000000003
13 7 .6800000000000003
13 8 .72
13 9 .76
13 10 .74
13 11 .7199999999999998
13 12 .7
13 13 1
14 1 .74
14 2 .6600000000000003
14 3 .6799999999999998
14 4 .7199999999999999
14 5 .68
14 6 .6400000000000001
14 7 .7
14 8 .72
14 9 .7
14 10 .6799999999999998
14 11 .68
14 12 .6000000000000002
14 13 .7000000000000003
14 14 1
15 15 1
16 15 .26
16 16 1
17 15 .15999999999999998
17 16 .15999999999999998
17 17 1
18 15 .15999999999999998
18 16 .22
18 17 .15999999999999998
18 18 1
19 11 .019999999999999997
19 15 .26000000000000006
19 16 .30000000000000004
19 17 .24000000000000005
19 18 .26000000000000023
19 19 1
20 12 .019999999999999997
20 17 .019999999999999997
20 18 .019999999999999997
20 20 1
21 2 .019999999999999997
21 9 .019999999999999997
21 15 .019999999999999997
21 20 .25999999999999995
21 21 1
22 20 .22000000000000003
22 21 .2
22 22 1
23 3 .019999999999999997
23 20 .25999999999999995
23 21 .27999999999999986
23 22 .26
23 23 1
24 16 .019999999999999997
24 17 .019999999999999997
24 20 .24000000000000007
24 21 .22000000000000003
24 22 .2
24 23 .24000000000000007
24 24 1
25 2 .019999999999999997
25 9 .019999999999999997
25 20 .26
25 21 .30000000000000004
25 22 .21999999999999997
25 23 .23999999999999996
25 24 .26
25 25 1
26 16 .019999999999999997
26 20 .30000000000000004
26 21 .25999999999999984
26 22 .26
26 23 .3
26 24 .2799999999999999
26 25 .2799999999999999
26 26 1
27 16 .019999999999999997
27 19 .019999999999999997
27 20 .28
27 21 .23999999999999996
27 22 .2799999999999999
27 23 .2799999999999999
27 24 .26
27 25 .30000000000000004
27 26 .34
27 27 1
28 15 .019999999999999997
28 19 .019999999999999997
28 28 1
29 19 .019999999999999997
29 26 .039999999999999994
29 28 .6
29 29 1
30 28 .5200000000000001
30 29 .6399999999999999
30 30 1
31 27 .019999999999999997
31 28 .5
31 29 .5800000000000001
31 30 .5400000000000003
31 31 1
32 28 .5
32 29 .5800000000000001
32 30 .5600000000000004
32 31 .62
32 32 1
33 28 .46
33 29 .5000000000000001
33 30 .48
33 31 .5599999999999999
33 32 .5800000000000001
33 33 1
34 28 .5200000000000001
34 29 .6599999999999998
34 30 .5800000000000001
34 31 .6800000000000002
34 32 .5600000000000002
34 33 .48
34 34 1
35 17 .019999999999999997
35 18 .019999999999999997
35 24 .019999999999999997
35 28 .5000000000000003
35 29 .5400000000000001
35 30 .5
35 31 .5
35 32 .5400000000000001
35 33 .5400000000000001
35 34 .5
35 35 1
36 17 .019999999999999997
36 36 1
37 36 .76
37 37 1
38 36 .74
38 37 .7800000000000001
38 38 1
39 36 .6800000000000002
39 37 .68
39 38 .7000000000000003
39 39 1
40 24 .019999999999999997
40 36 .76
40 37 .74
40 38 .74
40 39 .72
40 40 1
41 36 .8200000000000001
41 37 .78
41 38 .78
41 39 .7200000000000003
41 40 .76
41 41 1
42 25 .019999999999999997
42 36 .7600000000000003
42 37 .7000000000000003
42 38 .7000000000000003
42 39 .7000000000000003
42 40 .7400000000000003
42 41 .78
42 42 1
43 36 .74
43 37 .7200000000000003
43 38 .7400000000000002
43 39 .6999999999999998
43 40 .76
43 41 .8199999999999998
43 42 .78
43 43 1
44 17 .019999999999999997
44 36 .76
44 37 .7200000000000003
44 38 .7800000000000001
44 39 .7200000000000003
44 40 .76
44 41 .78
44 42 .78
44 43 .7999999999999998
44 44 1
45 36 .8200000000000003
45 37 .78
45 38 .76
45 39 .72
45 40 .7600000000000003
45 41 .7800000000000002
45 42 .7400000000000002
45 43 .7200000000000003
45 44 .7400000000000002
45 45 1
46 18 .019999999999999997
46 36 .74
46 37 .6799999999999998
46 38 .72
46 39 .6600000000000001
46 40 .74
46 41 .7800000000000001
46 42 .7400000000000003
46 43 .7799999999999997
46 44 .7399999999999999
46 45 .6800000000000003
46 46 1
47 36 .7000000000000003
47 37 .8
47 38 .7000000000000003
47 39 .6799999999999998
47 40 .7200000000000003
47 41 .76
47 42 .74
47 43 .76
47 44 .7200000000000003
47 45 .6800000000000002
47 46 .7000000000000001
47 47 1
48 19 .019999999999999997
48 36 .8000000000000003
48 37 .76
48 38 .7600000000000003
48 39 .7200000000000003
48 40 .8000000000000003
48 41 .8400000000000002
48 42 .8
48 43 .8
48 44 .8000000000000003
48 45 .78
48 46 .7600000000000001
48 47 .76
48 48 1
49 36 .78
49 37 .78
49 38 .78
49 39 .74
49 40 .76
49 41 .8
49 42 .7200000000000003
49 43 .7800000000000002
49 44 .76
49 45 .8000000000000003
49 46 .7200000000000003
49 47 .7200000000000003
49 48 .8
49 49 1
50 18 .019999999999999997
50 22 .019999999999999997
50 36 .76
50 37 .74
50 38 .7600000000000001
50 39 .74
50 40 .7799999999999997
50 41 .78
50 42 .7400000000000003
50 43 .78
50 44 .8
50 45 .7800000000000001
50 46 .7599999999999998
50 47 .7000000000000003
50 48 .7800000000000001
50 49 .7600000000000001
50 50 1
