%%MatrixMarket matrix coordinate real symmetric
50 50 313
1 1 1
2 1 .99
2 2 1
3 1 .99
3 2 1
3 3 1
4 1 1
4 2 .99
4 3 .99
4 4 1
5 1 .99
5 2 1
5 3 1
5 4 .99
5 5 1
6 1 .99
6 2 1
6 3 1
6 4 .99
6 5 1
6 6 1
7 1 .99
7 2 1
7 3 1
7 4 .99
7 5 1
7 6 1
7 7 1
8 1 1
8 2 .99
8 3 .99
8 4 1
8 5 .99
8 6 .99
8 7 .99
8 8 1
9 1 .99
9 2 1
9 3 1
9 4 .99
9 5 1
9 6 1
9 7 1
9 8 .99
9 9 1
10 1 .99
10 2 1
10 3 1
10 4 .99
10 5 1
10 6 1
10 7 1
10 8 .99
10 9 1
10 10 1
11 1 1
11 2 .99
11 3 .99
11 4 1
11 5 .99
11 6 .99
11 7 .99
11 8 1
11 9 .99
11 10 .99
11 11 1
12 1 .99
12 2 1
12 3 1
12 4 .99
12 5 1
12 6 1
12 7 1
12 8 .99
12 9 1
12 10 1
12 11 .99
12 12 1
13 1 .99
13 2 1
13 3 1
13 4 .99
13 5 1
13 6 1
13 7 1
13 8 .99
13 9 1
13 10 1
13 11 .99
13 12 1
13 13 1
14 1 1
14 2 .99
14 3 .99
14 4 1
14 5 .99
14 6 .99
14 7 .99
14 8 1
14 9 .99
14 10 .99
14 11 1
14 12 .99
14 13 .99
14 14 1
15 15 1
16 15 .6399999999999998
16 16 1
17 15 .6299999999999997
17 16 .6299999999999997
17 17 1
18 15 .6299999999999997
18 16 .6299999999999997
18 17 .6399999999999998
18 18 1
19 15 .6299999999999997
19 16 .6299999999999997
19 17 .6299999999999997
19 18 .6299999999999997
19 19 1
20 20 1
21 20 .7599999999999996
21 21 1
22 20 .7599999999999996
22 21 .7599999999999996
22 22 1
23 20 .7599999999999996
23 21 .7599999999999996
23 22 .7599999999999996
23 23 1
24 20 .7599999999999996
24 21 .7599999999999996
24 22 .7599999999999996
24 23 .7599999999999996
24 24 1
25 20 .7599999999999996
25 21 .7599999999999996
25 22 .7599999999999996
25 23 .7599999999999996
25 24 .7599999999999996
25 25 1
26 20 .7599999999999996
26 21 .7599999999999996
26 22 .7599999999999996
26 23 .7599999999999996
26 24 .7599999999999996
26 25 .7599999999999996
26 26 1
27 20 .7599999999999996
27 21 .7599999999999996
27 22 .7599999999999996
27 23 .7599999999999996
27 24 .77
27 25 .7599999999999996
27 26 .7599999999999996
27 27 1
28 28 1
29 26 .009999999999999998
29 28 .9
29 29 1
30 28 .9
30 29 .9
30 30 1
31 28 .9
31 29 .9
31 30 .9
31 31 1
32 28 .9
32 29 .9
32 30 .9
32 31 .9
32 32 1
33 28 .9
33 29 .9
33 30 .9
33 31 .9
33 32 .9
33 33 1
34 28 .9
34 29 .9
34 30 .9
34 31 .9
34 32 .9
34 33 .9
34 34 1
35 28 .9
35 29 .9
35 30 .9
35 31 .9
35 32 .9
35 33 .9
35 34 .9
35 35 1
36 36 1
37 36 .99
37 37 1
38 36 1
38 37 .99
38 38 1
39 36 .99
39 37 .98
39 38 .99
39 39 1
40 36 .99
40 37 .98
40 38 .99
40 39 1
40 40 1
41 36 1
41 37 .99
41 38 1
41 39 .99
41 40 .99
41 41 1
42 36 .98
42 37 .99
42 38 .98
42 39 .99
42 40 .99
42 41 .98
42 42 1
43 36 .98
43 37 .99
43 38 .98
43 39 .99
43 40 .99
43 41 .98
43 42 1
43 43 1
44 36 .98
44 37 .99
44 38 .98
44 39 .99
44 40 .99
44 41 .98
44 42 1
44 43 1
44 44 1
45 36 .99
45 37 1
45 38 .99
45 39 .98
45 40 .98
45 41 .99
45 42 .99
45 43 .99
45 44 .99
45 45 1
46 36 .98
46 37 .99
46 38 .98
46 39 .99
46 40 .99
46 41 .98
46 42 1
46 43 1
46 44 1
46 45 .99
46 46 1
47 36 .99
47 37 .98
47 38 .99
47 39 1
47 40 1
47 41 .99
47 42 .99
47 43 .99
47 44 .99
47 45 .98
47 46 .99
47 47 1
48 36 1
48 37 .99
48 38 1
48 39 .99
48 40 .99
48 41 1
48 42 .98
48 43 .98
48 44 .98
48 45 .99
48 46 .98
48 47 .99
48 48 1
49 36 .99
49 37 1
49 38 .99
49 39 .98
49 40 .98
49 41 .99
49 42 .99
49 43 .99
49 44 .99
49 45 1
49 46 .99
49 47 .98
49 48 .99
49 49 1
50 36 .99
50 37 .98
50 38 .99
50 39 1
50 40 1
50 41 .99
50 42 .99
50 43 .99
50 44 .99
50 45 .98
50 46 .99
50 47 1
50 48 .99
50 49 .98
50 50 1
