%%MatrixMarket matrix coordinate real symmetric
50 50 312
1 1 1
2 1 1
2 2 1
3 1 1
3 2 1
3 3 1
4 1 1
4 2 1
4 3 1
4 4 1
5 1 1
5 2 1
5 3 1
5 4 1
5 5 1
6 1 1
6 2 1
6 3 1
6 4 1
6 5 1
6 6 1
7 1 1
7 2 1
7 3 1
7 4 1
7 5 1
7 6 1
7 7 1
8 1 1
8 2 1
8 3 1
8 4 1
8 5 1
8 6 1
8 7 1
8 8 1
9 1 1
9 2 1
9 3 1
9 4 1
9 5 1
9 6 1
9 7 1
9 8 1
9 9 1
10 1 1
10 2 1
10 3 1
10 4 1
10 5 1
10 6 1
10 7 1
10 8 1
10 9 1
10 10 1
11 1 1
11 2 1
11 3 1
11 4 1
11 5 1
11 6 1
11 7 1
11 8 1
11 9 1
11 10 1
11 11 1
12 1 1
12 2 1
12 3 1
12 4 1
12 5 1
12 6 1
12 7 1
12 8 1
12 9 1
12 10 1
12 11 1
12 12 1
13 1 1
13 2 1
13 3 1
13 4 1
13 5 1
13 6 1
13 7 1
13 8 1
13 9 1
13 10 1
13 11 1
13 12 1
13 13 1
14 1 1
14 2 1
14 3 1
14 4 1
14 5 1
14 6 1
14 7 1
14 8 1
14 9 1
14 10 1
14 11 1
14 12 1
14 13 1
14 14 1
15 15 1
16 15 .6399999999999998
16 16 1
17 15 .6299999999999997
17 16 .6299999999999997
17 17 1
18 15 .6299999999999997
18 16 .6299999999999997
18 17 .6399999999999998
18 18 1
19 15 .6399999999999998
19 16 .6399999999999998
19 17 .6299999999999997
19 18 .6299999999999997
19 19 1
20 20 1
21 20 .77
21 21 1
22 20 .77
22 21 .77
22 22 1
23 20 .77
23 21 .77
23 22 .77
23 23 1
24 20 .77
24 21 .77
24 22 .77
24 23 .77
24 24 1
25 20 .77
25 21 .77
25 22 .77
25 23 .77
25 24 .77
25 25 1
26 20 .77
26 21 .77
26 22 .77
26 23 .77
26 24 .77
26 25 .77
26 26 1
27 20 .77
27 21 .77
27 22 .77
27 23 .77
27 24 .77
27 25 .77
27 26 .77
27 27 1
28 28 1
29 28 .9099999999999998
29 29 1
30 28 .9099999999999998
30 29 .9099999999999998
30 30 1
31 28 .9099999999999998
31 29 .9099999999999998
31 30 .9099999999999998
31 31 1
32 28 .9099999999999998
32 29 .9099999999999998
32 30 .9099999999999998
32 31 .9099999999999998
32 32 1
33 28 .9099999999999998
33 29 .9099999999999998
33 30 .9099999999999998
33 31 .9099999999999998
33 32 .9099999999999998
33 33 1
34 28 .9099999999999998
34 29 .9099999999999998
34 30 .9099999999999998
34 31 .9099999999999998
34 32 .9099999999999998
34 33 .9099999999999998
34 34 1
35 28 .9099999999999998
35 29 .9099999999999998
35 30 .9099999999999998
35 31 .9099999999999998
35 32 .9099999999999998
35 33 .9099999999999998
35 34 .9099999999999998
35 35 1
36 36 1
37 36 1
37 37 1
38 36 1
38 37 1
38 38 1
39 36 1
39 37 1
39 38 1
39 39 1
40 36 1
40 37 1
40 38 1
40 39 1
40 40 1
41 36 1
41 37 1
41 38 1
41 39 1
41 40 1
41 41 1
42 36 1
42 37 1
42 38 1
42 39 1
42 40 1
42 41 1
42 42 1
43 36 1
43 37 1
43 38 1
43 39 1
43 40 1
43 41 1
43 42 1
43 43 1
44 36 1
44 37 1
44 38 1
44 39 1
44 40 1
44 41 1
44 42 1
44 43 1
44 44 1
45 36 1
45 37 1
45 38 1
45 39 1
45 40 1
45 41 1
45 42 1
45 43 1
45 44 1
45 45 1
46 36 1
46 37 1
46 38 1
46 39 1
46 40 1
46 41 1
46 42 1
46 43 1
46 44 1
46 45 1
46 46 1
47 36 1
47 37 1
47 38 1
47 39 1
47 40 1
47 41 1
47 42 1
47 43 1
47 44 1
47 45 1
47 46 1
47 47 1
48 36 1
48 37 1
48 38 1
48 39 1
48 40 1
48 41 1
48 42 1
48 43 1
48 44 1
48 45 1
48 46 1
48 47 1
48 48 1
49 36 1
49 37 1
49 38 1
49 39 1
49 40 1
49 41 1
49 42 1
49 43 1
49 44 1
49 45 1
49 46 1
49 47 1
49 48 1
49 49 1
50 36 1
50 37 1
50 38 1
50 39 1
50 40 1
50 41 1
50 42 1
50 43 1
50 44 1
50 45 1
50 46 1
50 47 1
50 48 1
50 49 1
50 50 1
